{
  "categories": [
    "Identity",
    "Emotion: Joy",
    "Emotion: Sadness",
    "Emotion: Anger",
    "Emotion: Fear",
    "Tone: Formal",
    "Tone: Sarcastic",
    "Tone: Polite",
    "Domain: Math",
    "Domain: Science",
    "Domain: Code",
    "Domain: History",
    "Reasoning: Analytical",
    "Reasoning: Certainty",
    "Safety: Refusal",
    "Role: Teacher",
    "Role: Authority",
    "Verbosity: Brief",
    "Language: EN vs CN",
    "Sentiment: Positive"
  ],
  "overlap_matrix": [
    [
      1.000003457069397,
      0.024947697296738625,
      -0.043305039405822754,
      0.0013948006089776754,
      0.007189316209405661,
      -0.017536304891109467,
      -0.02768876403570175,
      0.06515095382928848,
      0.06841208785772324,
      -0.011055138893425465,
      0.03639841824769974,
      0.06758959591388702,
      0.02918514795601368,
      0.06165265664458275,
      -0.05320592224597931,
      -0.04744383320212364,
      -0.0901605561375618,
      -0.052839986979961395,
      0.013131946325302124,
      -0.06826290488243103
    ],
    [
      0.024947697296738625,
      1.0000022649765015,
      0.6797570586204529,
      0.06692811101675034,
      -0.04138968884944916,
      -0.2094319462776184,
      -0.12139349430799484,
      0.2968204915523529,
      -0.16565723717212677,
      -0.2333826720714569,
      -0.0859999731183052,
      -0.06536451727151871,
      -0.06427168846130371,
      0.04472225531935692,
      0.01953536830842495,
      0.022314798086881638,
      -0.1788744032382965,
      -0.19195556640625,
      -0.0796559602022171,
      0.27577894926071167
    ],
    [
      -0.043305039405822754,
      0.6797570586204529,
      1.0000039339065552,
      0.14084270596504211,
      0.11125769466161728,
      -0.08382667601108551,
      -0.06548444926738739,
      0.27073776721954346,
      -0.20982341468334198,
      -0.2238875776529312,
      -0.14174200594425201,
      -0.06609030067920685,
      -0.058585554361343384,
      -0.0420418344438076,
      -0.024679947644472122,
      0.10506219416856766,
      -0.1749250590801239,
      -0.2507215738296509,
      -0.13059118390083313,
      0.15953101217746735
    ],
    [
      0.0013948006089776754,
      0.06692811101675034,
      0.14084270596504211,
      1.0000041723251343,
      0.2562636435031891,
      -0.06525057554244995,
      0.4296787977218628,
      -0.013742854818701744,
      -0.032154154032468796,
      -0.00861202459782362,
      -0.12214179337024689,
      -0.08293052762746811,
      0.006235518492758274,
      -0.08454553037881851,
      -0.09457004815340042,
      -0.05133602395653725,
      0.07391173392534256,
      0.015250825323164463,
      -0.014980191364884377,
      -0.2528057098388672
    ],
    [
      0.007189316209405661,
      -0.04138968884944916,
      0.11125769466161728,
      0.2562636435031891,
      1.0000026226043701,
      -0.04952392727136612,
      0.101787269115448,
      0.031182704493403435,
      -0.038322288542985916,
      0.013278285041451454,
      -0.06741414219141006,
      -0.02716543897986412,
      -0.13408324122428894,
      -0.08134526014328003,
      -0.0995449349284172,
      -0.12825290858745575,
      0.018237199634313583,
      0.009175880812108517,
      -0.022351006045937538,
      -0.08364559710025787
    ],
    [
      -0.017536304891109467,
      -0.2094319462776184,
      -0.08382667601108551,
      -0.06525057554244995,
      -0.04952392727136612,
      1.0000017881393433,
      -0.09515653550624847,
      0.1868826299905777,
      0.23790302872657776,
      0.16930118203163147,
      0.09502966701984406,
      0.14145590364933014,
      0.2986195385456085,
      -0.002947617322206497,
      0.03231535851955414,
      0.23674561083316803,
      0.06374873965978622,
      -0.16589882969856262,
      -0.016073185950517654,
      -0.08323691785335541
    ],
    [
      -0.02768876403570175,
      -0.12139349430799484,
      -0.06548444926738739,
      0.4296787977218628,
      0.101787269115448,
      -0.09515653550624847,
      1.0000017881393433,
      -0.048618514090776443,
      -0.06217246875166893,
      0.10944541543722153,
      -0.24318942427635193,
      -0.13513582944869995,
      -0.05310565605759621,
      -0.07052655518054962,
      -0.14743030071258545,
      -0.06783472746610641,
      0.044636402279138565,
      0.11815820634365082,
      0.05427651107311249,
      -0.2462569624185562
    ],
    [
      0.06515095382928848,
      0.2968204915523529,
      0.27073776721954346,
      -0.013742854818701744,
      0.031182704493403435,
      0.1868826299905777,
      -0.048618514090776443,
      1.0000033378601074,
      -0.01538133341819048,
      -0.11561586707830429,
      -0.030145984143018723,
      0.11259567737579346,
      0.1315116137266159,
      0.011763117276132107,
      0.005181443877518177,
      0.09322504699230194,
      -0.27424249053001404,
      -0.2446829378604889,
      0.015772398561239243,
      0.143840491771698
    ],
    [
      0.06841208785772324,
      -0.16565723717212677,
      -0.20982341468334198,
      -0.032154154032468796,
      -0.038322288542985916,
      0.23790302872657776,
      -0.06217246875166893,
      -0.01538133341819048,
      1.0000052452087402,
      0.42293581366539,
      0.443694144487381,
      0.30566519498825073,
      0.4312467873096466,
      0.030898941680788994,
      -0.014387288130819798,
      0.10504889488220215,
      -0.02357378974556923,
      -0.01350000686943531,
      -0.006990814581513405,
      -0.1307203769683838
    ],
    [
      -0.011055138893425465,
      -0.2333826720714569,
      -0.2238875776529312,
      -0.00861202459782362,
      0.013278285041451454,
      0.16930118203163147,
      0.10944541543722153,
      -0.11561586707830429,
      0.42293581366539,
      1.0000033378601074,
      0.25210729241371155,
      0.178397536277771,
      0.24621276557445526,
      0.09357813745737076,
      -0.050468847155570984,
      0.09582691639661789,
      0.04418626427650452,
      -0.03702179715037346,
      0.018306389451026917,
      -0.11408110707998276
    ],
    [
      0.03639841824769974,
      -0.0859999731183052,
      -0.14174200594425201,
      -0.12214179337024689,
      -0.06741414219141006,
      0.09502966701984406,
      -0.24318942427635193,
      -0.030145984143018723,
      0.443694144487381,
      0.25210729241371155,
      1.0000022649765015,
      0.19044169783592224,
      0.23880057036876678,
      0.022744327783584595,
      0.09129896014928818,
      0.07994907349348068,
      0.031438641250133514,
      -0.19142088294029236,
      -0.0014868444995954633,
      -0.14468032121658325
    ],
    [
      0.06758959591388702,
      -0.06536451727151871,
      -0.06609030067920685,
      -0.08293052762746811,
      -0.02716543897986412,
      0.14145590364933014,
      -0.13513582944869995,
      0.11259567737579346,
      0.30566519498825073,
      0.178397536277771,
      0.19044169783592224,
      1.0000044107437134,
      0.24648542702198029,
      0.09611387550830841,
      -0.0013770981458947062,
      0.17551113665103912,
      -0.06612405180931091,
      -0.07948184013366699,
      -0.0015627425163984299,
      -0.041144922375679016
    ],
    [
      0.02918514795601368,
      -0.06427168846130371,
      -0.058585554361343384,
      0.006235518492758274,
      -0.13408324122428894,
      0.2986195385456085,
      -0.05310565605759621,
      0.1315116137266159,
      0.4312467873096466,
      0.24621276557445526,
      0.23880057036876678,
      0.24648542702198029,
      1.0000029802322388,
      0.11690668761730194,
      -0.02650306187570095,
      0.24915042519569397,
      -0.11678145825862885,
      -0.15605363249778748,
      0.014836348593235016,
      -0.10486899316310883
    ],
    [
      0.06165265664458275,
      0.04472225531935692,
      -0.0420418344438076,
      -0.08454553037881851,
      -0.08134526014328003,
      -0.002947617322206497,
      -0.07052655518054962,
      0.011763117276132107,
      0.030898941680788994,
      0.09357813745737076,
      0.022744327783584595,
      0.09611387550830841,
      0.11690668761730194,
      1.0000056028366089,
      -0.09645266830921173,
      0.06667134910821915,
      0.02172805741429329,
      0.1566692590713501,
      0.01884761080145836,
      0.0034974440932273865
    ],
    [
      -0.05320592224597931,
      0.01953536830842495,
      -0.024679947644472122,
      -0.09457004815340042,
      -0.0995449349284172,
      0.03231535851955414,
      -0.14743030071258545,
      0.005181443877518177,
      -0.014387288130819798,
      -0.050468847155570984,
      0.09129896014928818,
      -0.0013770981458947062,
      -0.02650306187570095,
      -0.09645266830921173,
      1.000006079673767,
      -0.028810612857341766,
      0.1593342125415802,
      -0.16272297501564026,
      -0.00566313648596406,
      0.03167438507080078
    ],
    [
      -0.04744383320212364,
      0.022314798086881638,
      0.10506219416856766,
      -0.05133602395653725,
      -0.12825290858745575,
      0.23674561083316803,
      -0.06783472746610641,
      0.09322504699230194,
      0.10504889488220215,
      0.09582691639661789,
      0.07994907349348068,
      0.17551113665103912,
      0.24915042519569397,
      0.06667134910821915,
      -0.028810612857341766,
      1.0000038146972656,
      0.016757119446992874,
      -0.23915620148181915,
      -0.0802810937166214,
      -0.027202213183045387
    ],
    [
      -0.09016027301549911,
      -0.17887505888938904,
      -0.1749245822429657,
      0.07391170412302017,
      0.018237246200442314,
      0.06374877691268921,
      0.04463637247681618,
      -0.2742423713207245,
      -0.023573782294988632,
      0.04418627917766571,
      0.0314386822283268,
      -0.06612393260002136,
      -0.11678146570920944,
      0.021728157997131348,
      0.15933404862880707,
      0.016757115721702576,
      0.999998927116394,
      0.030855657532811165,
      0.044495292007923126,
      -0.05436243861913681
    ],
    [
      -0.0528399720788002,
      -0.19195584952831268,
      -0.25072118639945984,
      0.015250825323164463,
      0.009175891056656837,
      -0.16589878499507904,
      0.11815794557332993,
      -0.2446829378604889,
      -0.013500005938112736,
      -0.037021853029727936,
      -0.19142061471939087,
      -0.07948192954063416,
      -0.15605300664901733,
      0.15666896104812622,
      -0.1627231389284134,
      -0.23915565013885498,
      0.030855657532811165,
      0.9999942779541016,
      0.0282682366669178,
      0.060531243681907654
    ],
    [
      0.013132062740623951,
      -0.07965592294931412,
      -0.1305909901857376,
      -0.014980223029851913,
      -0.02235104888677597,
      -0.016073282808065414,
      0.05427653342485428,
      0.01577245630323887,
      -0.006990798749029636,
      0.018306396901607513,
      -0.0014868929283693433,
      -0.0015626837266609073,
      0.014836389571428299,
      0.018847592175006866,
      -0.0056630875915288925,
      -0.08028124272823334,
      0.044495292007923126,
      0.0282682366669178,
      0.9999964833259583,
      -0.045773640275001526
    ],
    [
      -0.0682632103562355,
      0.275779664516449,
      0.15953101217746735,
      -0.25280675292015076,
      -0.08364563435316086,
      -0.08323695510625839,
      -0.2462572157382965,
      0.14384029805660248,
      -0.13072039186954498,
      -0.11408111453056335,
      -0.14468009769916534,
      -0.04114508256316185,
      -0.10486903786659241,
      0.0034974059090018272,
      0.031674426048994064,
      -0.027202220633625984,
      -0.05436243861913681,
      0.060531243681907654,
      -0.045773640275001526,
      1.0000004768371582
    ]
  ]
}